24 0
98 0
44 0
177 0
76 0
99 2
64 3
125 2
28 0
53 0
26 3
104 3
78 0
188 0
371 0
55 0
124 0
58 0
276 0
20 0
100 0
325 0
285 0
187 0
19 1
145 3
391 1
393 3
395 0
67 3
71 1
372 0
107 1
305 0
256 0
289 0
264 0
265 0
225 0
380 0
192 0
143 0
158 0
140 2
368 2
366 2
346 2
230 1
310 0
191 3
70 0
27 0
275 0
18 3
278 0
103 0
258 0
138 0
383 0
80 0
49 0
189 0
102 0
388 2
255 0
110 1
160 0
150 2
339 2
343 3
347 2
292 3
115 2
317 0
219 0
280 0
179 0
205 0
243 0
79 0
50 0
169 0
82 0
117 2
146 0
360 3
5 2
261 2
301 0
218 2
326 0
213 3
173 2
113 0
322 2
241 0
299 0
81 0
244 0
390 0
60 0
344 0
83 0
190 0
119 1
149 2
4 3
14 1
148 3
240 2
306 0
387 1
293 0
133 0
262 2
281 0
319 0
61 0
182 0
126 0
39 0
56 0
6 0
196 2
303 0
127 0
16 0
15 0
128 3
129 1
257 2
307 0
273 0
274 2
10 3
221 0
141 0
204 0
345 0
59 0
88 0
186 0
242 0
253 1
236 0
249 0
12 0
229 1
109 2
247 1
286 3
211 1
235 2
254 1
172 3
17 0
159 0
123 0
267 0
46 0
85 0
1 0
167 1
367 2
287 0
269 0
84 1
212 2
63 1
350 3
291 1
195 1
94 3
154 3
157 0
13 0
239 0
37 0
170 0
105 0
48 0
206 0
118 0
251 3
163 3
207 1
108 3
131 1
268 2
132 0
233 2
152 0
252 2
294 0
7 3
35 0
260 0
62 0
308 0
332 0
45 0
2 0
77 0
263 2
283 0
180 2
228 3
279 0
227 2
171 1
266 2
245 0
348 0
313 2
168 3
209 0
198 0
151 0
365 0
96 0
69 0
43 0
185 0
3 1
21 3
217 0
199 2
178 1
147 1
216 2
331 3
232 2
214 0
33 3
381 2
309 0
122 0
203 0
165 0
176 0
40 0
161 0
223 0
370 2
327 0
237 0
130 3
248 0
382 1
66 2
112 2
312 0
174 1
9 3
341 0
200 0
288 0
184 0
329 0
51 0
86 0
22 0
57 0
121 0
222 0
364 3
111 3
246 3
231 3
215 2
234 3
386 3
74 1
342 2
321 0
340 0
142 0
277 0
208 0
87 0
175 0
297 0
162 0
298 0
201 0
328 3
41 3
139 3
330 0
311 3
194 1
193 3
153 3
282 2
361 0
220 0
318 0
284 0
226 0
30 0
47 0
349 0
324 0
259 0
302 0
270 0
384 3
164 2
323 3
385 1
272 3
389 0
93 3
359 0
300 0
320 0
36 0
224 0
144 0
32 0
392 0
362 0
183 0
101 0
238 1
120 3
250 3
202 1
166 3
271 3
65 3
134 3
337 0
355 0
352 3
34 0
11 0
363 0
181 0
396 0
394 0
42 0
304 0
8 0
137 1
29 1
68 1
97 3
197 3
338 2
114 0
354 3
155 0
375 2
314 3
374 3
89 2
25 0
369 3
106 0
31 0
351 2
38 3
373 1
54 0
376 3
91 1
290 1
23 2
210 0
90 1
379 2
334 0
336 0
356 2
399 2
377 0
400 1
296 0
95 2
397 0
92 0
52 0
75 0
333 0
398 3
295 3
73 0
135 2
378 2
116 1
357 0
353 3
316 2
335 2
358 0
315 3
136 1
72 0
156 3
