263 0
226 0
144 0
303 0
283 0
362 0
181 0
19 1
38 3
89 2
332 2
45 3
100 2
168 0
382 0
21 0
42 0
41 0
290 0
369 0
23 0
363 0
325 0
285 0
163 0
18 0
69 0
355 3
354 0
314 3
95 2
66 0
105 1
176 2
26 3
6 3
187 0
305 0
256 0
166 0
232 0
289 0
198 0
288 0
3 1
33 1
372 1
70 0
124 1
104 1
78 1
230 1
119 0
85 3
27 0
222 2
121 0
142 0
265 0
98 0
211 0
225 0
298 0
261 0
11 1
134 1
272 1
347 2
277 0
61 0
339 3
220 3
320 0
76 2
391 3
88 1
241 0
318 0
143 0
328 0
177 0
383 0
259 0
281 0
7 1
294 3
387 2
346 3
264 3
237 0
219 3
229 3
279 3
183 2
112 0
193 1
221 0
36 0
189 0
388 0
99 0
243 0
278 0
301 0
9 1
313 3
389 3
152 2
327 2
266 3
287 1
1 0
129 2
123 1
307 1
385 1
13 3
103 0
245 0
188 0
120 0
343 0
258 0
15 0
20 1
133 2
213 1
348 1
311 1
251 1
233 3
139 2
180 1
147 2
326 3
366 1
17 3
138 0
364 0
58 0
276 0
169 0
217 0
14 0
371 0
235 2
153 1
231 1
310 1
250 1
331 2
286 1
218 3
160 0
330 1
68 0
370 0
205 0
244 0
380 0
359 0
167 0
82 0
16 0
216 2
215 0
312 1
291 2
108 1
109 3
110 0
149 2
228 3
200 3
197 2
384 3
322 2
83 0
344 0
192 0
80 0
306 0
204 0
4 0
210 0
273 2
292 3
234 0
191 1
269 2
246 2
199 0
340 0
280 1
140 3
97 3
5 2
12 0
182 0
49 0
79 0
56 0
37 0
128 0
10 1
293 2
195 2
113 0
194 2
236 1
186 2
130 2
179 3
300 0
260 1
247 3
227 0
77 0
345 0
50 0
390 0
206 0
151 0
207 0
262 0
174 2
93 3
214 2
64 1
146 3
171 3
150 3
319 3
299 0
224 0
35 2
209 0
185 0
2 0
60 0
126 0
365 0
203 0
268 0
201 0
254 1
154 1
253 2
111 1
62 1
63 0
102 2
178 1
101 2
24 3
341 0
282 0
257 0
249 0
39 0
59 0
43 0
223 0
240 0
321 0
317 2
274 0
132 2
308 0
360 0
158 2
304 2
81 2
238 0
84 3
381 3
302 0
164 0
242 0
46 0
48 0
165 0
184 0
141 0
361 1
352 0
296 2
94 0
386 1
252 0
131 2
284 0
248 2
309 1
255 2
338 0
159 1
57 0
161 0
90 0
96 0
329 0
118 0
239 0
34 1
125 1
44 1
145 0
74 1
212 2
323 0
127 0
148 0
107 2
65 3
173 1
351 1
162 0
22 0
40 0
86 0
208 0
324 2
55 1
114 1
337 1
349 0
170 1
368 3
202 3
122 0
267 1
190 3
271 3
275 1
115 2
51 2
342 3
297 0
87 0
30 3
8 0
137 1
155 1
374 2
28 2
157 1
172 0
350 2
117 1
25 0
196 2
67 2
393 2
32 0
392 2
373 3
375 0
29 1
91 2
52 0
54 0
376 0
397 3
377 3
295 3
175 3
53 3
71 3
394 3
92 1
270 2
367 2
395 2
396 2
47 2
333 2
399 3
356 0
73 0
75 0
398 3
379 3
400 0
336 0
378 2
106 2
135 0
353 0
116 1
316 1
31 1
357 3
334 2
335 0
358 2
315 3
72 0
136 0
156 2
